839517919390359552
839517961849307138
839518539673452544
839518558086443008
839518588360921088
839518607986028546
839518644421935104
839518683147927552
839518734209409024
906252866050035712
839518750844006400
839518795895025665
839518812630368260
839518827184533504
839518837770973184
839518872059379712
839518903969660928
839519477645606915
839519889475919873
839519924481638403
839520001518358529
839520038851870720
839520134754615296
839520201544773634
839520237485756417
839520252815884290
839520288341655552
839520316246343680
839520334130860033
839520346818625536
839520458554945536
839520497817767937
839520548258480129
839520588444098560
839520599093411842
839520660112171009
839520695537315842
839520742316310534
839520775027699713
839520796745814018
839520821248937984
839520873606438912
839520894628347904
839520957710626819
839521026375561217
839521035993108480
839521049490436097
839521140318040070
839521178939240448
839521196093890560
839521213110157312
839521299747733506
839521368001687555
839521392160829440
839521426973450240
839521485802852354
839521511530704897
839521548017020929
839521676270370816
839521801583624192
839521881493553152
839521939588796416
839603511394447361
906432695236001792
839620784779837440
839630266062766080
839630597534404612
839630685488951298
839631001689145345
839631304517902336
839632199636893696
839632372345765889
839756557445365764
839756792406159360
839756859514945537
839756944546070528
839756987726450689
839757241553145857
839770065516052480
839771431198146560
839771475515174912
839771538123550720
839771677831614464
839771730121998336
839772018002264064
839772182490251264
839772270444830721
839772506609356803
839772730392215554
839772915163938817
839778962754650112
839779531166781440
839779740433154048
839780069920878592
839780506694729728
839805693976801280
839805892350574592
839806094700601344
839806152686907392
839806701788332032
839806920273899521
839806948698632192
839806979413590016
839807031506780161
839831242040348673
839832664240762880
839834684393652224
839836392641429504
839836504092463104
839871344284160001
839871574593388544
839872418030186496
839872663526977537
839873278315540481
839874816840712193
839894006649749504
839897466271121409
839897790306217985
839899023159013376
839902064465567744
839974578956955648
839977335663308800
839977374661935104
839977423655567360
839977884446035969
839980163517542401
840162030929756160
840195512498323456
840245955777687552
840246558666969089
840250522246496257
840250630216286208
840250653121359872
840250706980409345
840250806536417284
840251729744670720
840323499357007872
840323518944407552
840323588704129024
840348134576398337
840348146924437504
840622759059304452
840676542485262336
840677105738403841
840733222371762176
841304544281792513
841304680621850624
841305457599893504
841306677467066375
841312932461973504
841338291190452224
841338640269758464
841339806558896129
841340002869088256
841345464993742848
841450368785612800
841450564911300608
841450686340558848
841451015178182656
841451072782815233
841451096115707904
841451184133165056
841451250843549696
841451266274414596
841451409602162690
841452033232248833
841584258976231424
841584314953404416
841660698409213952
841693239631572992
841694992011788289
841695075075801092
841695206751784963
841695436444430340
841695776355057664
841696309912469506
841696371879084033
841696470352986113
841793518163132416
841799438616150016
841823242012753920
841823368689135618
841823658779807744
841823796579454985
841823944910991360
841824060745093121
841830363068542976
841830381380894720
841830427795021824
841831106680877056
841831138297577473
842334568334127104
842335321379463169
842335890127114241
842336339953635328
842336401442119680
842337006214602753
842337045372628992
842337133323001857
842337361614778370
842337620860534785
842337880529895424
842337986272481281
842338035475853312
842452200051863554
842452595667025920
842453218667970560
842481613376290816
842481693693042689
842481756515291136
842483223968079872
842483329576435712
842483397981339648
842484968358068224
842485393035612160
842485845235974144
842487327129767936
842487695565832193
842487754332225537
842487775647752192
842487800071098368
842487999099293698
842488032825675776
842488111850491904
842488218113228806
842488347541028865
842667884304384000
842667954173067264
842668638100508672
842669024790175744
842669049763061760
842669216436248578
842669520917577728
842669564773187584
842783318928211968
842783753500024833
842785030787289089
842847532157882368
842847566895095808
842847622058590209
843089893366685697
843090702242332672
843092131115925505
843092318190260224
843092780255760385
843093484353523713
843095260330934272
843095289305141248
843132709878677504
843135477645524992
843177360614719488
843177379136753668
843177436837744640
843177469226237953
843177772734435328
843177785388646400
843177847925735424
843178069225439232
843202069003735043
843202084585574401
843202237535010818
843202262537244675
843202395630977024
843202434189201414
843202663357530112
843202680340267009
843202747327565824
843202781179777025
843202805137588224
843202959597092864
843202997299691521
843203038064103425
843203050441494528
843203079637889024
843203114366877697
843203126417149953
843203175712804867
843203210739355649
843217597999038469
843397608215379968
843397781943476227
843397877292552192
843398415241400321
843398478822883333
843399884208267265
843401028724768768
843401039504199680
843401284111745024
843401354739699712
843401384733097985
843401417410973698
843401432669835264
843401440701964288
843401510092505088
843401563825750016
843401588567916544
843401608700579840
843401650912083968
843401672038735873
843401685615763456
843401691324207104
843401778053955587
843401836069556224
843401867333918720
843401945733890050
843401981226106880
843402005527908353
843402024670674945
843402046791467009
843402105633357824
843403260409057281
843403283570089986
843403372925521924
843405601455685633
843405669021765633
843405828254318592
843405906931040256
843406794378694657
843406817996783616
843414484047679489
843429839893946368
843541711636828161
843853153095352321
844193293915377665
844193527475200000
844193661168615425
844559451436789763
844589045225263108
844589276541009921
844591333150896128
844591653696552960
844599228995317761
844621559155359745
861994773934206976
861995236641394689
869578460183900162
869578497513205764
869579533539831808
869579558864998402
869579614493999106
869579661323456512
869583129366999040
869583224577642496
869583235633885188
869583271335796737
869583498344005632
869583604023791617
869583622059241472
869583729945190400
869584459850493952
869584496932401152
870940139320745985
870940394242134016
870941708938334209
870943257831907328
870943458730659840
870943499096555522
870943566289412097
885610989504344064
885612220759113728
885612446723047425
885612474258665472
885612584216481792
885612639505854465
885612667490230272
885612686712733698
885612769629925377
885612795517186048
885613044558114818
885613481134891008
885616910066487299
885617119651659778
885617185124691968
885617250597838849
885618192554618884
885618236166950912
885618295109550080
885618355587227650
885618593760727041
885618656448847874
885619141067120640
885619156321808387
885620181963354112
885620217841364992
885620231099502592
885621215947313152
885621535360389122
885621642906488834
885621720635363328
885621747785105408
885621774758621184
885621807423909890
885621826717716484
885621846279950338
885622233720385537
885623118500438016
885623163257794560
885623331671691266
885623362248208384
886134747352764416
886134988562989060
886137229004943361
886138274850406400
886138496943083520
886138598210379776
886138672797634561
886139277100363776
886140377815810048
886140403250061317
886140460049342464
886140476386095104
886140518073331712
886140529305681920
886140557311057921
886140588197892096
886140618363293696
886140645735362560
886140685891534848
886140737401880576
886140894134628352
886140907308888064
886141373426130944
886141403050516480
887751156092612608
887752346763177987
887755551823626240
887756859658170369
887756884652019715
887756912107937794
887756918500052992
887756939761004544
887858025050107904
887945256733474816
888113919113310212
888113985756700672
888114247032479744
888114653842161664
888114883593515008
888115337928900608
888115702875340800
888115848979767299
888115891602206723
888116095344713734
888116115666120704
888116234247577606
888116267038658563
888117161842982912
888117179912028160
888117262019772417
888117286715797504
888117321100795905
888117461576318980
888117813142933504
888117841878163457
888118063270248448
888118076180373504
888118090331938818
888118107067129858
888118134086918144
888118147395354630
888118235698044928
888118253838450690
888118429776961536
888118576573325312
888118600065613824
888118609859313665
888118690268323841
888118730785292289
888118788603879425
888118801899716608
888118837425586178
888118846862667776
888118862268383233
888118874155106306
888118894451281921
888672578528792578
888673534737862657
888673559975014401
888673621643800576
888673644951502849
888673671119872000
888673865370677248
889528926959095808
889528968084418561
889531517663412227
889532519997206528
889532723643244546
890312770666811392
890314029826277376
890314221027766272
890314259959250945
890314280914096128
890314321573679104
890314946508201985
890315155321626624
890315662324899842
890317365329752064
894613169691406336
894613863529930754
894615180147118082
894615682318553088
894615761217630210
894615865261510656
894615926443843586
894615960988114944
894615976834215936
894616196473126912
894616690809503744
894617353291476993
894617486561292289
894617547819151363
894617844201250816
894617929005879296
894618216571555841
894618564510044161
894618602669789185
894618728435994625
894850158021791744
894850985193033728
894851007208882177
894851375141707776
894851413905428480
894851449720623105
894851529777319936
894851725861031936
894851757653798912
894851869050368000
894944229956431873
894944499868348416
894944975896678401
894945300628066304
894945577284362240
894945701284761600
895011275800969217
895011792283369472
895011978833428480
895012029806915584
895012341745672193
895012644465332224
895012834022653953
895013554402840576
895013592004788224
895013625219436546
895013654428602368
895013687194521600
895013725043863553
895388480892751872
895756110162006017
895757676092821505
896096822862635008
896355753082195968
896355886708531200
896355964227641344
896356038777163776
896356122201911296
896356212899446784
896356300879273985
896356520694251522
896357685444190208
896357781686636544
896357797377576960
896357827094212608
896357955716689920
896358093403160576
896358507506806784
896358585697021952
896359658503495680
896360025475698690
896362343533355008
896654742537023488
896655417262133250
896655454327189504
896655589216071680
896655624347537412
896655650360569856
896655776282009600
896656289031487490
896656452458356736
896656734873411585
896656763633664000
896656916738453504
896657347824807936
896657426543501312
896657568835272705
896657609947742208
896657641400922113
896657728483065857
896657847861248000
896657959006154754
896658027465637888
896658064199299072
896658110919708672
896658199956385792
896658270986883072
896658325831647233
896658431662333952
896658567578755072
896713402818723840
896853984748732416
896854052042100736
896854060162105345
896854424471171072
896854981499867141
896855495100837892
896855600080007169
897361693260603392
897361929110528000
897362210825154560
897488060283322371
899615072657567744
899617024141348864
899617244921159682
899617481316339712
899617821973512192
899619069455994881
899619103379509248
899619455046758400
899677953616904193
899678229820264448
899678768310214661
901455104330657792
901455255254249473
901455489598443520
901455658360373251
901456053543612416
901458359358025728
901458408146169857
901458618721161216
901458859985973250
901459008724365312
901460094180884481
901460820076486656
901460868705259521
901461128114573313
902242142856257536
902242182064517120
902242196400742400
902242235504144385
902242528325287936
902242557597495298
902242579902812163
902242609179045893
902242996774617088
902243159152975874
902243292712099841
902243370516480000
902243464666112000
902243520274198530
902243548707397632
902243595033436163
902243642894680065
902243681004118017
902243747282477060
902243784326512647
902243903138656257
902243939821944833
902243957412945920
902244114992963589
902244454211444740
902244549459894272
902244662559334400
902245207193858048
902245565446189056
902245589198483457
902245735122567168
902245941423558658
902245968069963776
902246066745200640
902472988720857088
902473074712473600
902473398911193088
902473446432661504
902473474563866624
902473577752080384
902473672618905600
902473697331699712
902473768018305025
902473778126610433
902473790403248128
902473842316234752
902473858757910528
902473884385075200
902473900470272004
902474264921722880
902474293321367552
902474364389613568
902475078696411136
902475102272589824
902475196841517057
902475555819458560
902475570725957632
902475637918707713
902475667010400258
902476144355758080
902476247644688385
902476297443713024
902476313784659968
902476346999398400
902476565656862721
902476627245977600
902478902706266112
902479043924242434
902479277983137792
902479313219530752
902479333872324609
902479525300326400
903018642929065984
903020323234308097
903023685237448707
903351958517555201
903352151358963713
903353165013188608
903353178548314114
903353553569402880
903353570447241217
903353626848002049
903353646330650625
903353718531387396
903354942123061250
903354976893853697
903355608392454144
903355966615375872
903356564526043137
903356620813545472
903357374165110784
903358729483153408
903359415855800322
903360388993048579
903361835130396672
904392363132551168
904392653197934593
904392805027635201
904392926779854848
904433158740996097
905161195233140737
905161689536098304
905182621843542016
905182703573766147
905183073679101956
905183092431826944
905185026781929473
905185403300433920
905185601351294976
905185812962312192
905185915542396931
905185991115374594
905186016952233985
905186031217074176
905186057280528385
905186086879678464
905186119335251970
906251458550669312
906251623860760577
906251713438416902
906255905292996609
906255933101223936
906257054834282496
906257546478063616
906257662094004224
906257733120393216
906257762556026881
906257855497555969
906257915400650753
906257937399730176
906258027996745729
906258064092876801
906258101191540736
906258171336982529
906258238445940737
906258376782426112
906258410647298049
906258482122416129
906258502489972736
906258513265127429
906258533724942336
906258546702114817
906258573088477185
906258586111762434
906258607603363840
906258626813333505
906258689958477835
906258703661371392
906258723030654977
906258763673456642
906259065004797952
906259217698476032
906259480823955462
906259570657558528
906260094832267265
906429712817430528
906430183867023360
906430292063346689
906430305262817280
906430784524967936
906431162293288960
906431263720046592
906431350462443522
906431566099951616
906431625009025024
909140984486879233
909141933355945984
909142286969245698
909142381072666629
909142463872462849
909142703086215168
909142772506087425
909142806006046720
909142885852962822
909442500049477632
909443940918661120
910246950473289730
910247040894013440
910247211031781376
910247286751547393
910247640583024647
910247654084538368
910249508671455232
910249808753029120
910251368249733121
910251729911975936
910252021558779904
910252112784785408
910252626402582528
910252699911933952
910253392668262401
910498178490880000
910499254535442432
910499274785423360
910499348726894592
910499373301342210
910499494680252422
910500826912841728
910500850325495809
910501116030398464
910501216685314048
910501264928251905
910501282582024193
910501339527913472
910501912562290691
910502509273370625
910502764702289920
910503667228401664
910503738720342016
910504172855992321
910504214291472386
